0.27 512 1 1
0.27 512 1 2
0.27 512 1 4
0.27 512 1 6
0.27 512 1 8
0.27 512 1 10
0.27 512 1 12
0.27 512 1 14
0.27 512 1 16
0.53 512 2 1
0.27 512 2 2
0.27 512 2 4
0.27 512 2 6
0.27 512 2 8
0.27 512 2 10
0.27 512 2 12
0.27 512 2 14
0.27 512 2 16
0.80 512 3 1
0.54 512 3 2
0.28 512 3 4
0.27 512 3 6
0.27 512 3 8
0.27 512 3 10
0.27 512 3 12
0.28 512 3 14
0.28 512 3 16
1.07 512 4 1
0.54 512 4 2
0.28 512 4 4
0.27 512 4 6
0.28 512 4 8
0.28 512 4 10
0.28 512 4 12
0.28 512 4 14
0.28 512 4 16
1.33 512 5 1
0.80 512 5 2
0.54 512 5 4
0.28 512 5 6
0.29 512 5 8
0.29 512 5 10
0.29 512 5 12
0.29 512 5 14
0.29 512 5 16
1.60 512 6 1
0.80 512 6 2
0.54 512 6 4
0.29 512 6 6
0.29 512 6 8
0.29 512 6 10
0.29 512 6 12
0.28 512 6 14
0.29 512 6 16
1.86 512 7 1
1.07 512 7 2
0.56 512 7 4
0.55 512 7 6
0.30 512 7 8
0.30 512 7 10
0.30 512 7 12
0.30 512 7 14
0.30 512 7 16
2.13 512 8 1
1.08 512 8 2
0.56 512 8 4
0.55 512 8 6
0.32 512 8 8
0.31 512 8 10
0.31 512 8 12
0.31 512 8 14
0.31 512 8 16
2.40 512 9 1
1.33 512 9 2
0.81 512 9 4
0.57 512 9 6
0.57 512 9 8
0.44 512 9 10
0.44 512 9 12
0.44 512 9 14
0.44 512 9 16
2.66 512 10 1
1.35 512 10 2
0.81 512 10 4
0.57 512 10 6
0.58 512 10 8
0.46 512 10 10
0.47 512 10 12
0.46 512 10 14
0.49 512 10 16
2.97 512 11 1
1.60 512 11 2
0.83 512 11 4
0.57 512 11 6
0.59 512 11 8
0.60 512 11 10
0.50 512 11 12
0.48 512 11 14
0.46 512 11 16
3.21 512 12 1
1.60 512 12 2
0.84 512 12 4
0.58 512 12 6
0.59 512 12 8
0.63 512 12 10
0.51 512 12 12
0.49 512 12 14
0.50 512 12 16
3.51 512 13 1
1.87 512 13 2
1.08 512 13 4
0.82 512 13 6
0.60 512 13 8
0.61 512 13 10
0.72 512 13 12
0.52 512 13 14
0.54 512 13 16
3.76 512 14 1
1.88 512 14 2
1.09 512 14 4
0.84 512 14 6
0.60 512 14 8
0.63 512 14 10
0.74 512 14 12
0.56 512 14 14
0.55 512 14 16
4.00 512 15 1
2.13 512 15 2
1.10 512 15 4
0.90 512 15 6
0.69 512 15 8
0.71 512 15 10
0.70 512 15 12
0.86 512 15 14
0.62 512 15 16
2.10 1024 1 1
2.10 1024 1 2
2.10 1024 1 4
2.09 1024 1 6
2.10 1024 1 8
2.10 1024 1 10
2.10 1024 1 12
2.10 1024 1 14
2.10 1024 1 16
4.19 1024 2 1
2.11 1024 2 2
2.12 1024 2 4
2.13 1024 2 6
2.11 1024 2 8
2.11 1024 2 10
2.11 1024 2 12
2.11 1024 2 14
2.11 1024 2 16
6.29 1024 3 1
4.20 1024 3 2
2.16 1024 3 4
2.17 1024 3 6
2.15 1024 3 8
2.15 1024 3 10
2.17 1024 3 12
2.15 1024 3 14
2.16 1024 3 16
8.39 1024 4 1
4.21 1024 4 2
2.22 1024 4 4
2.17 1024 4 6
2.24 1024 4 8
2.18 1024 4 10
2.24 1024 4 12
2.21 1024 4 14
2.21 1024 4 16
10.49 1024 5 1
6.31 1024 5 2
4.25 1024 5 4
2.23 1024 5 6
2.20 1024 5 8
2.23 1024 5 10
2.21 1024 5 12
2.20 1024 5 14
2.24 1024 5 16
12.61 1024 6 1
6.32 1024 6 2
4.31 1024 6 4
2.26 1024 6 6
2.31 1024 6 8
2.64 1024 6 10
2.63 1024 6 12
2.60 1024 6 14
2.62 1024 6 16
14.69 1024 7 1
8.43 1024 7 2
4.30 1024 7 4
4.50 1024 7 6
2.35 1024 7 8
2.73 1024 7 10
2.73 1024 7 12
2.78 1024 7 14
2.78 1024 7 16
16.81 1024 8 1
8.46 1024 8 2
4.33 1024 8 4
4.36 1024 8 6
2.48 1024 8 8
2.50 1024 8 10
2.55 1024 8 12
2.55 1024 8 14
2.72 1024 8 16
18.90 1024 9 1
10.56 1024 9 2
6.39 1024 9 4
4.40 1024 9 6
4.50 1024 9 8
3.02 1024 9 10
3.80 1024 9 12
3.16 1024 9 14
3.31 1024 9 16
20.97 1024 10 1
10.55 1024 10 2
6.44 1024 10 4
4.74 1024 10 6
4.89 1024 10 8
3.57 1024 10 10
3.66 1024 10 12
3.63 1024 10 14
3.67 1024 10 16
23.19 1024 11 1
12.67 1024 11 2
6.49 1024 11 4
4.97 1024 11 6
4.98 1024 11 8
5.01 1024 11 10
3.60 1024 11 12
3.81 1024 11 14
3.79 1024 11 16
25.20 1024 12 1
12.65 1024 12 2
6.77 1024 12 4
5.15 1024 12 6
5.17 1024 12 8
5.11 1024 12 10
3.83 1024 12 12
3.96 1024 12 14
3.91 1024 12 16
27.29 1024 13 1
14.72 1024 13 2
8.57 1024 13 4
6.89 1024 13 6
4.73 1024 13 8
5.23 1024 13 10
5.13 1024 13 12
3.99 1024 13 14
4.61 1024 13 16
29.45 1024 14 1
14.72 1024 14 2
8.60 1024 14 4
7.16 1024 14 6
5.21 1024 14 8
5.39 1024 14 10
6.12 1024 14 12
4.34 1024 14 14
4.77 1024 14 16
31.45 1024 15 1
16.84 1024 15 2
8.63 1024 15 4
7.02 1024 15 6
5.45 1024 15 8
5.67 1024 15 10
5.43 1024 15 12
5.51 1024 15 14
4.63 1024 15 16


