17.50 2048 1 1
17.51 2048 1 2
17.53 2048 1 4
17.47 2048 1 6
17.45 2048 1 8
17.40 2048 1 10
17.39 2048 1 12
17.43 2048 1 14
17.57 2048 1 16
35.11 2048 2 1
19.49 2048 2 2
18.34 2048 2 4
18.41 2048 2 6
18.03 2048 2 8
17.58 2048 2 10
17.68 2048 2 12
17.49 2048 2 14
18.32 2048 2 16
52.11 2048 3 1
36.51 2048 3 2
19.30 2048 3 4
17.96 2048 3 6
19.07 2048 3 8
17.80 2048 3 10
17.83 2048 3 12
17.81 2048 3 14
18.53 2048 3 16
69.57 2048 4 1
35.47 2048 4 2
18.33 2048 4 4
18.70 2048 4 6
18.58 2048 4 8
18.58 2048 4 10
18.54 2048 4 12
18.45 2048 4 14
18.36 2048 4 16
87.31 2048 5 1
56.17 2048 5 2
35.56 2048 5 4
19.19 2048 5 6
21.10 2048 5 8
19.42 2048 5 10
21.31 2048 5 12
19.47 2048 5 14
19.86 2048 5 16
104.78 2048 6 1
52.62 2048 6 2
35.75 2048 6 4
22.69 2048 6 6
22.32 2048 6 8
21.94 2048 6 10
21.70 2048 6 12
21.19 2048 6 14
22.17 2048 6 16
122.15 2048 7 1
76.35 2048 7 2
36.43 2048 7 4
38.41 2048 7 6
20.81 2048 7 8
22.27 2048 7 10
23.67 2048 7 12
23.21 2048 7 14
23.19 2048 7 16
139.26 2048 8 1
75.67 2048 8 2
39.34 2048 8 4
40.26 2048 8 6
23.06 2048 8 8
23.23 2048 8 10
24.10 2048 8 12
23.80 2048 8 14
23.21 2048 8 16
156.78 2048 9 1
87.57 2048 9 2
54.25 2048 9 4
38.56 2048 9 6
40.67 2048 9 8
23.89 2048 9 10
26.50 2048 9 12
25.84 2048 9 14
25.85 2048 9 16
174.41 2048 10 1
88.99 2048 10 2
54.71 2048 10 4
39.29 2048 10 6
41.86 2048 10 8
29.61 2048 10 10
30.09 2048 10 12
30.15 2048 10 14
30.18 2048 10 16
191.35 2048 11 1
105.20 2048 11 2
54.40 2048 11 4
40.73 2048 11 6
42.18 2048 11 8
42.09 2048 11 10
29.93 2048 11 12
32.26 2048 11 14
30.30 2048 11 16
209.33 2048 12 1
105.52 2048 12 2
55.62 2048 12 4
42.48 2048 12 6
42.44 2048 12 8
42.10 2048 12 10
31.16 2048 12 12
33.45 2048 12 14
31.03 2048 12 16
226.51 2048 13 1
124.41 2048 13 2
72.29 2048 13 4
58.61 2048 13 6
40.71 2048 13 8
48.72 2048 13 10
41.02 2048 13 12
33.00 2048 13 14
33.63 2048 13 16
243.32 2048 14 1
123.74 2048 14 2
72.45 2048 14 4
61.32 2048 14 6
44.03 2048 14 8
44.95 2048 14 10
43.96 2048 14 12
37.39 2048 14 14
36.08 2048 14 16
261.13 2048 15 1
140.31 2048 15 2
75.36 2048 15 4
59.61 2048 15 6
45.01 2048 15 8
50.28 2048 15 10
49.42 2048 15 12
50.89 2048 15 14
37.57 2048 15 16

